03 c1 03 2b 04 15 03 05 03 04 04 15 03 15 03 05
03 15 03 05 03 04 03 15 03 15 03 05 03 04 03 15
04 15 04 04 03 05 03 15 03 04 04 15 03 04 03 15
03 04 03 15 04 04 04 15 04 04 03 15 03 04 03 15
03 04 03 15 03 04 03 15 03 15 04 05 03 04 04 15
03 15 03 05 03 04 03 15 04 15 03 04 04 15 04 04
04 15 04 04 04 15 04 04 04 04 04 15 04 04 04 15
04 04 04 15 03 04 04 15 04 04 04 15 04 04 04 15
04 15 04 04 03

use RF::Decoder::HomeEasy;
push @r, RF::Decoder::HomeEasy->new();

$msg = [
         181,
         0,
         87,
         129
       ];
